50
-0.400602 -0.695591 2.716316 39.948
-0.824462 2.892111 -1.930035 39.948
-0.278808 3.984009 -3.459178 39.948
2.300397 -2.903097 1.029064 39.948
-1.014726 3.996460 2.359605 39.948
-0.668438 1.377498 -3.809699 39.948
3.941902 -3.208122 -1.173723 39.948
-3.667296 3.644313 3.930759 39.948
-0.446155 -2.699165 3.388599 39.948
-2.805526 -0.899669 -3.753711 39.948
1.963571 -0.220706 1.736754 39.948
3.093282 3.036366 -2.111413 39.948
2.152186 -0.634155 0.238299 39.948
-1.388293 -2.677070 2.029843 39.948
1.973760 3.219141 3.605538 39.948
-1.375782 1.086487 0.372036 39.948
0.353040 0.928138 1.352314 39.948
-0.136970 3.656313 -1.950617 39.948
-0.177151 2.127632 3.576000 39.948
-3.385142 -0.090118 -2.581977 39.948
-2.997547 1.111238 0.583111 39.948
-2.311838 3.775680 -0.836525 39.948
0.786463 1.602986 2.660752 39.948
0.794883 -3.547218 2.314275 39.948
1.154289 -0.909440 -3.553761 39.948
1.323048 3.816154 -2.359075 39.948
1.152468 -3.935449 -1.915684 39.948
-0.998974 -1.874306 -1.550499 39.948
-2.617452 -1.268741 2.601184 39.948
2.672189 1.451709 -2.961108 39.948
0.022544 3.392133 2.126650 39.948
3.069208 -2.768699 -1.328650 39.948
3.794006 3.085661 1.565246 39.948
3.102309 2.716339 3.881011 39.948
-3.849438 2.583209 -1.563537 39.948
-3.862112 -3.959163 -3.306216 39.948
-2.748158 -1.763733 0.040507 39.948
-1.261023 3.944414 3.923650 39.948
1.791579 -3.122610 -2.177878 39.948
-1.603693 -0.179525 3.936866 39.948
-0.411630 0.725027 0.945514 39.948
2.967882 1.210143 -2.736229 39.948
3.600253 -2.638127 -1.381056 39.948
-3.050541 -2.774153 0.952475 39.948
1.775341 2.583436 3.800661 39.948
0.122420 -3.582103 -2.971567 39.948
3.957331 2.035548 2.530124 39.948
-3.746436 -0.349301 0.780856 39.948
3.447344 3.012729 2.863034 39.948
0.468804 0.171532 0.863208 39.948
