20
2.278262 -2.985461 2.357224 39.948
2.445787 1.465557 -3.717889 39.948
-2.413443 -1.989152 -2.068432 39.948
0.142292 2.487518 2.739782 39.948
0.483829 3.510443 -0.554841 39.948
0.609434 1.135536 1.298486 39.948
-0.764258 2.317994 -1.146342 39.948
-2.322522 2.597537 1.748519 39.948
-3.780250 -0.143587 3.330802 39.948
-3.319323 1.612566 -2.693067 39.948
2.730754 3.233291 1.796986 39.948
2.617094 -3.362855 1.365711 39.948
2.522254 2.514185 1.356573 39.948
1.916102 -2.005306 2.387244 39.948
-3.533777 -2.351804 -0.329598 39.948
0.504999 -1.834534 3.026787 39.948
-1.038527 0.691912 1.704693 39.948
3.525741 -2.872913 -1.316417 39.948
-1.464319 3.837896 -0.548665 39.948
0.777045 1.751189 -0.288438 39.948
